m = 1;
l = 0.5;
M = 1;
g = 9.81;